260 10001101111000.

8011010, 80110100, scholis, 8011011οι, 160,162,165,166, 168,169,171, -

811010, 8110100, 8110110, 81101100, 5, 177,178,180,184,227.1

10, 18, 19, 25, 27, 28, 32, 38, 44, 8001000111,01010061000160,162,177.

47, 63, 55, 65, 69, 71, 76, 78, 65, ἱ 800101011101100,201.

91, 100, 106,108, 111, 114, 119, ; 800016.

122, 131, 137, 141, 143, 146, 161, 8000000010, 81100000ψο111, 23, 24,

157, 158160, 161, 162, 166,170, 60, 65, 205.

173, 175, 181, 184, 198. 8011110, 80111011 Ηο0311, 196, 212.
801011101100 (Βο110010 Man. 60), ) 8100101600(601100), 145.

121. ² 81006113(Ψο11000111),180.
Seoe' (scotland), 5, 60. 81006100, 8100111100, 201, 212.
8001, 42. 81000010000, 10 (8011111011), 91.
800100101006 (140100), 180. 810110060011(80000001001), 60.
80011100Ιί00, 211. 81011100,10(11601006111100), 164.
300181101881 (1181801111). 15· , 81011016 Βο100 0001 Ρο010, 203.
811οφ001100(Ηο6001111),15. , 81010010, 106, 207.
8110016101111, 209. Sub Prior Medow, 235.
811010 Ηο113110, 198, 208. 80661011, 198, 208.
811010 Μ1100, 199. ¹ 8006011006,118,199.
81101001-10010 (8010), 169. 80161011811110311010), 186.
811010010111106001), 179. 801111οο110 (juxta whitburnaway1
8101050100 S. 006 Home, 209, 248. 184. .
0100100001. 00110001 (00011001), 141.
Shinkley, shinkeley, 207, 216, 8001100 Leia, 192.

235. 80603010, 194.
Shiplighe, 203. 8001006060, 198.
8110100006, 811οπ000006, 206, 213. ·
giles, 170· 2000(111101Το00), 44, 139. ¹
Sflkesworth, 199. Τ111011100, 211.
Simondfflt' 130Ι Τ11010100, 213.

sirene without the 1100 0100111, 1101100 1010000. 1⁹9·
193. Τ10601 Ηο000, 213.

Skim, 147, ’10600101162060060 171.

8111110ςο1000. 0166011011. 101000,
Slaile Aere, 193, Γ1111011111001011 1101100), 95.

Τ11111110111, 213.

81001100 Leis, 191.
Twisell, 213.

8101116006, 10 (1101100), 152.

80660010 (piscaria), 150. ’ Τνθὼὶῑοὼ. 212·

Smytfflmd (wem), 38, Το00, Τ1110, Tine, 13, 44, 197, 223.
8100100001’(8000110010011, 60. ’ Tyssdlaw· le(Sou1hwlek)‚ 1⁶2·
Smithborn, 10 (Νο11101-Ηο001111), 1199900111· ¹72·
176.
800111 1110100, 204.
- 811001 (1101111101), 192.
8001110011, 8011100111, 80111011,
8011111011, 8011100011, 80101011, mmm 236·
61100110801100010,010, 10, mm, 2’13,
24, 27, 31, 36, 37, 43, 64, 71,80,
85191, 1061 108. 110, 117, 119. 11100110000, 204.
1211 125, 131, 1361 141¹ 145, 150, 1118118116Ῑά, 203.

1100000100, 204.
1100000110, 170οο1111, 31, 127. ,
-01110, 31111.

 

