INDEX 08 81114988.

955

0011000, 9, 7, 8, 12, 19, 99, 49, 46, ⁴ 8101101011 (8015000115), 119.
58, 63, 64, 68, 79, 76, 79, 88, 93, 1 ’81101(1)015010),199.

97, 101, 195, 116, 117, 199, 193,
194,197,130, 133, 135, 139, 149,

143,147,149, 154, 165, 166179,

175, 910, 949, 950.
0015110110 (81.) 01000, 906.

Damon, ll, 19,13, 94, 48, 69, 74,
86, 99, 107, 195, 199, 139, 143,
146,159, 169, 165, 179, 174, 175,
181, 909, 910, 917.

-· Ecclesia de, 139.

- manerium 60, 159.

11011600, 910.

Demyngu, 10 (000000), 191.

110010, 10 (170010), 89.

1100000 (51000100), 10, 14.

110000, 10 (801 Μο1.), 194.

801100010οο, 41, 87.

81006011, 919.

1100001801 (17011100 800100), 30.

110ιο1015, 914.

80550, 914.

8005111, 999.

11000101, 1)00110’, Dunolm, 11011010,
3, 7,8, 9, 19, 30, 39, 44, 48, 137, 140,
159, 158159, 174, 189, 195, 996.

- (81111001 1411011010), 167.

—— 801000οε100, 44.

Dunwelmedowe, Douwelmedowe
(80018010100), 119, 161.

11015001, Old, 907.

8101010011, 138, 915.

850010, 850011, 850001 (01000110),
90, 135, 185.

8500 (11011500), 89, 909. ¹

8600811500, 948.

8611005010, 914.

8600065110, 86000555008510006-
50100, 85000651101, 8610005-
50100, 39, 65, 70, 80, 93, 97, 107,
118, 193, 139, 169, 164, 176, 948.

-0010001, 164.

8610005000 (1801110100), 163, 179.

8510005 Rus, 913.

81006οε05, 13.

81500 (1101101150), 191.

8111005010, 13, 906, 914.

81011011, 160.

81101508, 14, 191.

Est-Mer. SecMerrington.

Estlangthorpp (Newton 8011100), 99.

8011011, 10 (811Ιί005010), 116, 136,
189.

8011011, 10 (8701110100), 58.

8118000100. 0011101101.

81101000000(80000010001), 69.

8010100011, 190.

8016100 01011, 199, 193.

8010110011, 14.

80100015 (8001 11010100), 169.

8081100100, 913.

8011100, 80111000, 197, 908.

80110 supermontem, 939.

8010, 9, 8, 13, 16, 31, 35, 43, 47, 51,
55, 61, 65, 67, 69, 73, 75, 78, 89,
86, 99, 95, 103, 109,119, 115, 194,
195, 196, 139, 134, 149, 147, 149,
153, 163, 166, 169, 171, 175179,
180, 183, 186, 905, 911, 950.

- 0100011010, 183.

- miner’ carbonum 60, 19.

- molendinum aquaticum, 43, 51,
73, 7578, 166.

- - 100111110010, 78.

8010001(Βο110010 0100011001 60), 191.

80100106, 80110115, 80110 011110, 67,
73, 95, 934.

- 0010010 60, 67.

80100001, 10 (8010), 51.

81011000 (501100), 145.

81011011, 905.

8100500015011 (17011100 Bewley), 39.

1105010010(1)015001), 111, 167.

81051005, 915.

8101501101, 8101501101, 81015011010,
8100011101 (Billingham), 49, 57,
189, 185.

8101101 0011, 940.

80100050, 8011000500, 198, 998.

8100010010 811600 805, 195.

8101000010, 810001οΙ0010, 199, 194.

81011001οἰ0 Spen', 69.

81011000 10 Spennyngmour, 69.

8111151015 (9701110100), 68.

81115, 10 (Μ15 Μο1’), 199.

 

