16661 66 6116116. 261

ἣ 19611666661196116666), 175.

9961166666, 9966666666, 996116-
66666, 1961166116, 9961161666, 9, 17,
90, 97, 36, 70, 79, 83, 85, 93, 105,
197,113,114, 116, 118, 196, 198,
131, 136, 145,155,156,159, 161,
165, 179, 179, 173, 174, 175, 178,
164, 908, 947.

-61666616, 118.

-616166616661, 145, 170, 173,

1961666666, 910.

1966666611, 9966166611 (Pittington),
18,109.

99666166, 9966661116, 1966616616,

. Wardley, Wnrdly, 19, 31, 191,
164, 198, 908.

—- 6166661666, 19, 191.

- vivarium, 191.

196666666161161Η6666666), 14.

196166666, 16 (9666), 186.

99611616666, ll.

Wellinges, 909.

99666 (piscaria), 169.

19666666666, 9966166666, 196661666,
9966166666, 9966111666, 4, 10, 16,
QQQQQQQQQ
QQQQQQQQM,
108,110,117,118, 119, 197, 131,
135143, 145, 150, 156, 158, 169,
166,169,171,175, 177, 180, 184,
1989116999. ⁸

1966616666ι (99666 1661116611), 50.

19666166366666 (19666666 3666166),

1966611166. SecMerington.

Weutowe1cind aee 9966666666), 108,
908, 996.

99666 11666666. 8669666666.

9966616163, 935.

996666616 (1166166666666), 65.

9966666666, 16, 99666666666, 9966666·

11666,99666661166 (Β1111636661), 68,

79, 81, 93, 96, 198.

996666666666, 941.

996666661666, 16 (1111Ιί636661), 161,
169, 177.

19616666666666,666616666161166364.

196166 Η611, 904.

9961666136, 164.

96166611666(9911116ς666), 139.

9961666666, 919.

9911Ιὶ66666, 9916663666, 9911663666,
Wyllington, Wyllyngbom Wyl·
yngtnn, Wyuelington‚ 996661163-
666, 4, 9, 90, 97, 36, 70, 83, 85,
90, 94, 98, 105, 107, 116, 116196,
139, 149, 145, 156, 170, 179, 173,
184, 185, 908.

191661666666, Wyndelsdon, Wyndel-
166666, Wyndellesdon, 41, 59,
55.60,104.

Windy Η11166, 195.

Wiringeu, 1618616166), 39.

1916666 (1116666, 196, 919.

1916666666, 9966666666, 1176666666,
9966666666,9966666ο666,1966666-
tow, 5, 10, 18, 19, 91, 97, 98, 39,
38, 43,44, 49, 5367697175
80, 91,99,106,111,117,118,119,
199,197,131,135,136,137, 139.
141, 145, 151, 156,158,160,166,
170,175,178, 180, 189, 185.

-- capella, 160.

—- 6166611661, 170.

- molendinum, 38, 146.

99616666, 9961666666, 9961616666,
9961666666,1961616666,99661666-
ton, 9961616666, 996166666, 9, 19,
17, 19, 99, 97, 99, 34, 40, 46, 53,
57, 58, 63, 66, 68, 79, 73, 76, 77,
79, 61, 97, 101, 104, 109,111, 190,
193, 194, 198, 130, 133135, 139,
140, 144, 147, 154, 163,166, 170,
179, 173, 189, 910, 944.

- capella Magdalinae, 946.

- molendinum, 189.

196666616, 935.

1966666116, 909.

9966666, 950.

9166666661), 909.
916666 (1961166116), 136.
96666666, 904.

 

