278

11000100, Xpofor, 229. '

—- 11011011, 229.
11100111110110117011, 29, 40, 59, 64,
Νίο11011011,1011., 160.
1111101001 71.

1101101177111 60, 62, 126, 129, 137.
-— 7611100600, 202, 210, 211.
1100111116, 13110061. 17111, 17.
-- 1411011, 26.

’.- 11111 1ο.

- 7110111, 45.

- Joh., 87.

Ouum„ 77111,168.
033111, 03111, 03310, 0310, 77111. 60,
-1011 de, 77.
-— 204.

011001, «1011100, 248.
- J 011, 248.
00001111, J oh. de, 36.
0100011, Joh., 20.
Oubry, 00011111, 74.
0001011, 176.
0101111016, 11011, 224.

71011, Thomas, 2, 44, 91, 99, 108,
118, 137, 151,181.

-- 1103, 49, 173, 182, 185.

-- 11110111, 76.

-—- — nuper uxor 1110, 113.

-- 77111. fil. Alicioe, 76, 166.

- - seur. 01 jum„ 160.

-- 1110111010 fil. 1110, 160.

7011, 7010, 70110, 70110, Joh., 41,
51, 87, 95, 104.

—- 1111010 uxor ejus, 87.

-—- Ηο3., 42, 52, 66, 153, 163, 171.

-— 77111. 171.

-- 178.

7010101, Andrewe, 296.

Palmae, 1101011, 247.

7011130600, 711001 de, 10.

Pape‚ 7033101111, 3, 8.

- 11011, 171.

ι-- 7110111, 208.

—- 301101, 208.

Parem-iun, 4.

Pater-Noster, 11011, 1.

INDEX 07 7111180118.

ἤιεν-1101011111, 1.

— 1411111111, ll.

—- J 011, 32

- J 011. 111 11011144

-- 11011110, 45, 56, 100, 168, 129,
151, 166.

- 7110111 61 Heliae, 56.

70110, 11113. , 43.

70111011, 17111, 153.

7110011, 1103, 74.

7111100011, 1110, 193.

Paulo, 77111, 83.

70111111, 7001311, 11011, 42, 87, 112.

—Joh. 616011, 145.

70011, 176.

Pur, 0001110, 2.

70311101, 711001, 230.

70011011, 77111, 194.

- 11011, 237, 250.

- 1110, 225.

- 711001, 225.

70100011, 11011, 29.

7011, Hug¹¹ 177.

7017, 0001110 del, 79.

7011011, 11001760, 39.

7001111111, 11111311, 221.

7011011, 7110111, 167.

70111010, Emma (101, 25.

70110011, 7110111, 198.

7011311000, 7011111000, 7011130000,
7110111, 35, 42, 50, 51, 59, 69, 73,
82, 87, 94, 102,115, 155.

—- 1431100 61. ejus, 59, 192.

- Ηο11., 201.

-- 77111, 207.

- Phillop‚ 237.

Person, Petason, Joh., 36, 186.

— 1110, 74.

- 77111, 123, 237, 238, 250.

- Vidua, 233

Persona, Capellae de Η111011, 91.

-- Ecclesiae (10 11111011, 106.

7011, 70110, Μ1111101111011, 241, 247.

Philipson, 171011, 22.

71111113, 171011, 22.

Phillippus, 1111111600, 2.

Phillop‚ Rob.‚ 199.

7101101103, 1110, 204.

— Vidua, 243.

 

