274 INDEX 012 PERSONS.

111888, 11111111, 101, 138154,
1118180186. Ι

- Anci· uxor ejus, 158.

—- 11811111, 230.

Km‘, Joh, 56.

- 1111018, 56.

1181118111, 1011. (18, 2.

118118111011. 68, 73.

- Alicio, 11018111, 73.

1181118113, 1181181138, 11011, 246, 247.

1181111118,.1011. 68, 91, 106.

- 111011, 68, 163.

- 1118, 21, 144.

11811008, (1811116118, 64, 101, 155.
1181110181, 1181301111, 48, 129.
110111, 1101168, 110.

- Μ8110118 quondm uxor Rob,

- WilL 61 11011, 110.

118111, Η8011001 68, 4.

11811011, Nieh. 68, 35.

-- Alanus praepositus 18111888 68,
41, 46, 53, 73, 81, 95.

- Dominus de, 115.

Key, Thomas, 202, 230.

- Vidua, 1161110116, 234.

11811108, Τ11011., 210.

Killerby, 11111. de, 136, 139.

11111113101111, 1011, 246.

111113, 176.

Kiok, 1011, 45.

Kithas, 11111, 231, 233.

- 11811011, 233.

Κ111111116, 11111, 58.

Κ111188, Vidua, 202.

1111111811, 11111, 231.

Κ1111111811,Τ110., 147.

Kirkus, 116118, 237.

11118101, Alex. 68, 92.

Κο13111011, 8111110, 211, 234.

1111138, Μ811168, 2.

-—- 11111, 2, 8.

Kyrkman‚ Adam, 34.

Kytohin, Kitchin, Κ110111113, 1110.
681, 36, 52.

-1186, 68, 118, 119, 146, 159,
164,166.

-- will. 681, 135, 159, 164,168,178.

- 1011. 681, 118181 11111, 178, 184.

-11611816, 198.

1111011111, 1111011111, Κ11011113,[1’1011..
226, 227, 229.

·- stophen, 226.

- J 01111, 228.

1101111111, 1081111113, 811111, 238.
18610811, 1181111608, 130.
1818101111, 1100101, 191.
Iambe, Wedow, 191, 192.
1111118111811816, 191.

Lame, 11011, 58, 97.

-·—· Thom., 156, 184.

1811816, 1011, 36, 37.

- Adam, 132.
180311810818113110111, 11011, 74.
-1011., 175.

- 11111, 129.
18113101,11111. 68, 24, 102.
- 1118, 102.

-- 3011, 112.

-- 01 18831011, John, 220.
1016811,11’111., 145.

1811, 10118, 111011, 242.

- 11111, 242.

- 110381 681, 3, 8.

- 1111816118 681, 8.
1811181108, 1101181110, 212, 246.
Lamon, 181808,11111,, 198191218.
- Georgo, 228.

- 1118, 91.

—- Alieia relicta, 91.
1818,.1011., 237, 238.

-- Anthony, 250.

1811011, 1103, 131, 172.
1831831681, 18.

Layton, Thomas, 244.
18318338, 11811, 7, 12.

-- (1018, 164.

18381, 18381, 11381, 157.
-1011, 49, 131.

-— 1131188 1110181111, 49.

-- Thom., 112, 144, 148, 152.
-— Joh. 111. (1018, 178.

183011, 1111018, 161.

18111113, Waltz, 92.

- Β8111816 68, 169.

18011, 111018, 173.

1818111, 11011, 95, 127, 156, 170.
-- 8311, 158.

-— 1018, 185.

 

