204 INDEX 011 melos.

Biwell Peter, 215.

Blokletoh’m, 11 (1171161113), 31.
1111111111, 200.

3116116111, 111Ιά1161111, 206, 214.
Boldon, 160.

Bolton, 214, 215.
1111166111(Β1111113111111), 17, 107.

1111111111 (3111113111111), 167.
11111111, 215.

Box Ρ1111(1111-111131131111), 82.
3116111131 (Β116111), 23.
1111611101 (1111111 Hau), 14.
3116111111, 210.

1111331111, 206. .

11111111 Hill, 192.

3111111 (11111111), 211.

311111, 11(3ρ1111131131111111), 60.
- (111111Μ11111131ο11), 126, 163.
1111116111 Wolloo. 8111111111.
Βτ11111113111111, 3111111311111, 215.
3111111311 (3111113111111), 67.
111111111111113, 67.

1111611113, 120.

3111161), 1111311 (11), 15, 29.
8111111131, 11 (Η1ι11111111), 175.

3111111111, 11, 3111111111, 11 (1116·

Μ11111131111), 134, 142, 163.

Brome, 205, 207.

Β11111111111, 3111111111), 205, 207.

Brome Rigg 11111 Η1111ο1111, 204.

Bromespooe, 235.

1111111111, 200.

1111111116 (Η11111181111), 88.

Burdon, Bordon, 2, 12, 23, 47, 54,
64, 78, 89, 104, 116, 120, 14o,143,
155, 163, 167,174,177, 183, 231.

-- molendinum de, 104.

Burnhope, 203.

Bumhouse 11111 8111111131, 205.

Burs'blades, 204.

3111111211, 241.

Buohop Midlom, 212.

Buuhop Purd 11111 Buuhop Modows,
207.

0111111111(11111111),111 11111111, 108.
Coldwelmodowo, 151, 160.
0111111111, 207.

0111311111, 11, 01113131,11(Μ1111-

113), 50, 67.

011111 Feld, 213.

0111111111, 214.

0111 1111111, 197.

011111111111111161111, 235.

0111316111, 11(Μ111·1113), 115.

0111111111, North 1116 south, 214.

01111116 (Η111111111), 105, 117.

0111111115, 103, 126, 128, 130138,
149, 202, 211.

0111111111 Ρ1111, 193.

0111111111 (1111111111), 100.

0111111111, 201.

0116, 11, 170.

01111111611111, 194.

01611113, 111111 0111611113, 193.

011111, 11 (111113), 51.

0111111, 01111111, 11, 219.

0116113111111 wallas, 206.

011611 (11), 0111611, conflate,
(Conpon), 88, 105, 117, 175.

01131111 (11111111 Η11111111), 24.

0111111111, 204.

0111113 1711111111, 193, 227.

0113113111(11),0111311311,011131131111
(1111111111, 111, 111.

01311111, 210.

0111113, 160.

Cornell (capellada), 206, 213.

01111 super Moram, 202, 211.

0113111111, 11 (11111111 Κ111111), 81.

-- (1111111111), 116.

01111111, 11 (Η11316111), 106.

01111111 (11), 0111111111, (11111113ι
tons), 9, 75.

Cottam Mundivillo, 201.

0111111111 (11), 12.

011111111311, 11 (Η161111111), 15.

0111111116, 11 (Η1ι11νο1111), 15.

Coumerleys (11111 Μ11111131111), 112.

Coundon, 42.

Coundonleok, 109.

01111113 (Newton Bewloy), 168.

0111311111 (3116111), 155.

01111611 (111113), 87.

01ο111111111, 207.

croftas, 111 (W. Μ11111131111), 26.

0111611 (1131 (111), 40.

0111311101111111111), 192.

0111111111, 205.

Ι copon, Copon, Goupon, Oupun,

 

