282 INDEX 01 10118088.

0100011111, 109. 8010111, 111001. (00 Μ101001003100),

-Τ11001., 167. 107.

810101, Joh., 39. *Joh. (00100001003100), 107,

81001, Rob., 106. 171. .

8101100, 11111, 210. - Δ30’ fil. Rob., 180.

8100001,1100,191 -100, (00 0011100) fil. 11111

8110001, 11111, 230. 11001101, 180.

8111100, 00013101, 004. -110110100, 181.

8101, whom.. 38. -—- 801000, 100, 217.

-011001100, 62. -11000 220.

8100000, 811000100, 111010 00, 32, -1110111011, 204.

44. -Μο1110, 233.

81000010, 8100001, 8110001, Joh., 81001οο11,10.,105.

30. 80011 (0180011), Ρο1100, 06.

-1000001, 95. 8000000,11111., 231.

-10000110 fil. ejus, 95. Suowball, cuthbert, 248.

-1110., 164. 8001011010000130, 193. ,

81000100, 11111 011100. 00, 7. 80100100, will.. 200, 210, 223, 227.

810300030, 60. 800101, 800101, Emma, 25.

8110300οο, 1100010001, 215. —- Rob., 30, 70, 80, 93, 98, 164,

8100οΠ, 111010, 169. 176.

8010111, 801110, 81001111, 1103, 10, —-— cecilia, 46.

65, 75, 103. —— 11111, 127.

-1100, 20, 36, 37, 4159, 71, 104, -Α30’, 107.
10,]00,137,140,101,111,100, -010.,175.
222. 80000, Joh., 197.

- Joh. fil. Joh. 01 1101010 uxor 8001011, 80010110, Will.‚ 144, 179.
ejus. 28. -1011000 010111111, 144.

-11111.,34, 54, 59,64,132,133, - 155.

143, 103, 184. 80001, 1103, 231.
-1110, 38, 52, 108, 157. 80000, Τ11001.,205.
- Joh., 42, 43, 05, 08, 75, 92, 87, 800000, 0110011, 191.

103, 115, 136, 152, 153, 158, 165, - 11111, 191.

172, 174, 179. 80100101011000, 10.

-Thom, fil. Ηο3., 43. 8001001, Rob., 88.

-1011000, 01101, 48. 8101, Agnes 101. 1103, l.

—Thom. (001101-Μο1003100), 78. 810330, 111001, 131.

—- 11111. (00 Ηο11), 88. 8111010οο100, (1110011, 232.

- Joh. (00 11αο0000110), 103, 810000υο10301, 11111, 23.
126,128,130,149. 81000001, Patricius 00, 4, 10.

—- J oh. (00 01111100), 103. 810011οο0, 1110. 00, 116, 117.

- Α30’ uxor Joh:, 103. - will. de, 127.

- Petrus, 109, 120, 137. 81011001, 1101011011 001, 70.

- 1101101111 (00 Μο01100), 119. 8100100, 81000100, Joh., 214.

-1000000010111111, 132. 81001, Simon, 4. ¹

-Henricus‚139. 81000, 00101100 001, 84, 181.

*111οο1010 fil. Ηο01101, 139. 81000100, 0110011110 00, 6.

-1011, (00 Μο1003100), 153. 5 -Α30, 11001. 00, 54.
-Το000 fil. Rob., 163. ⁸ --Α101. 00, 54.

- 143οἰ110Το001, 163. — Magna, David 00, 54.

 

