256 1111111 8111118118.

’ 1811111811), 111.
u·- (Wallnend), 178.

11831811 3183811111 (Β11111311811), 185,

1111181118, 205.

11111811, 1111811811, 3111111811, 11111811,
1,4. 10, 19, 21, 27, 31, 37, 43, 53,
mmmmmmmm&
119, 131, 136, 143, 158,161,162,

188, 184, 188, 818.

- manerium 68, 27, 36, 37, 43.
6118811183, 84.

myth 77881 (1416 1181313181), 8.

(1118111811 1111811, 193.
(181111118318 (1181181 Rumon), 116.
(1818811868, 196.

(18188168, 212.

(18116)1 Η8113118, 193.

(11188 Set, ρ8118118,(181138118, 199.
(1181181811, 204.

(11818168 (18), 12.

(11861811, 72.

(1111611, 18 (1788188), 156.
(1111681, 210, 213.

(1111681 11133, 213.

(11181888, 244.

Η1818181, 207.

Η816811188, Η816811, 18 (Β11111311811),

11811811818, 241.

Η8118881, 18 (11881 11811181), 162.

Hamsterley, 203.

1181181 close, 196.

- Η8188, 207.

Η811>ο1618811188181118 Rigg, 204.

Hardewicke, 299.

Η8111118818, 200.

Η111ο1, Herton, 11,19, 21, 26, 27,
32, 37, 43, 44, 71, 76, 77, 91, 99,
108113, 118123, 128135, 139.
141, 146151, 158161, 162, 169,
173, 175, 177, 198, 208, 225.

Η881111811, 203.

Haswell (118138, 209.

Η818118168 (3811888118), 120.

Hauthorne, 199.

Η81118816(17811181ο1), 130.

Η8111113 Park, Hanynge, 197.

1181111388 (77816183 Μ81. 68), 13.

Hob'rn, Hebom, Heberine, Heb-
burn, Hebborne, Hebn, l, 13,
36, 66, 70, 85, 90, 95, 103‚107,
110, 118, 121, 122, 128, 136, 139,
141, 144,145, 160, 162, 165, 169,
176178, 180, 197, 208.

Hedleygarth, 190.

Η861881111, 14, 198, 224.

1183111181, 202, 219, 212.

Η81818118, 192.

Η818181188, 235.

Helymemide, 14.

Herdhouse, 207.

Η8811681, Hesylden, 11811681, l, 5,
7, 13, 19, 25, 48, 61, 69, 74, 77,
89, 101,106, 107, 122, 123126,
129, 131, 138144, 146, 152159,
161, 165, 168, 174, 179, 185.

- molendinum ventritieum, 122.

-8818818, 125.

1188188, 18 (Μ8111131818), 16.

1188881681, Cold 1188881681, 209.

Heswell (Parva), 129.

Η811181181111,Η81111181111,4,9,14,52,
70, 95, 110, 123, 166, 1431611175.

Hett, Hette, 205, 211, 234.

1181111 Spen, 88.

Η81181,Η8181, 209, 213.

Hettonerop, 60.

Η811311’8 (11888, 190.

Heworth, Heworthe, Heworths,
Heworthes, Heworthis, 4, 9, 12,
13, 17, 18, 26, 31, 36, 52, 70, 75,
79, 83, 90, 94, 195, 107, 113116,
117, 118, 119, 121, 127, 128131,
135, 139, 150156, 159, 104168,
170, 173, 176, 178, 210, 231.

ψ capella 68, 131.

-- manerium de, 18.

-- molendinum 68, 121, 164.

—- warenna, 178.

Heworth, Hewomie (11811111), 24, 70,
90, 176, 208, 223.

Heworth 01181, 20, 70, 90, 221,

Η1118181188, 235.

Η1168118811(778111181111), 90.

Η11681 (31111811), 143.

Η1111813118, 203.

 

